image_width: 640
image_height: 480
camera_name: camera
camera_matrix:
  rows: 3
  cols: 3
  data: [851.056462, 0.0, 278.196242, 0.0, 859.125648, 237.127338, 0.0, 0.0, 1.0]
distortion_model: plumb_bob
distortion_coefficients:
  rows: 1
  cols: 5
  data: [0.0142644886, -0.0741906251, -0.0118238096, 0.00310867349, 0.0]
rectification_matrix:
  rows: 3
  cols: 3
  data: [1.0, 0.0, 0.0, 0.0, 1.0, 0.0, 0.0, 0.0, 1.0]
projection_matrix:
  rows: 3
  cols: 4
  data: [851.056462, 0.0, 278.196242, 0.0, 0.0, 859.125648, 237.127338, 0.0, 0.0, 0.0, 1.0, 0.0]